7535.7741  199.70 1820.55  3 6.2e+03  3.8
7544.0443  389.22 1834.80  3 3.1e+03  4.2
7488.8712 1434.94 1826.34  4 8.8e+03  4.8
7535.7741 2615.77 1838.68  4 4.0e+03  3.8
7245.1666  159.23 1623.71  6 1.6e+05  3.3
7173.9381  648.53 1593.95  7 1.1e+04  5.6
7245.1666 2471.41 1648.94  7 1.2e+05  3.4
7024.0504 1329.21 1496.34  9 7.6e+03  5.6
7032.4131 1547.51 1504.28  9 3.2e+05  4.5
7059.1074 2259.27 1517.33  9 1.1e+03  3.8
6929.4673 1088.50 1417.37 10 8.0e+04  5.3
6598.9529  836.05 1120.21 14 6.8e+04  4.7
6506.5281  381.71 1012.99 15 1.1e+05  3.0
6506.5281 2467.93 1027.52 16 6.2e+04  3.2
6382.9917  995.53  906.95 17 1.9e+05  2.9
6402.2480 1542.76  934.37 17 1.7e+05  3.6
6334.4278 1632.21  861.76 18 1.1e+05  2.8
6217.2812  264.00  695.51 19 2.7e+04  2.9
6266.4950 1674.51  786.23 19 1.0e+05  2.7
6143.0626   71.68  596.89 20 3.9e+04  3.8
6163.5939  650.73  649.11 20 4.5e+04  3.1
6217.2812 2241.11  722.34 20 2.7e+04  3.0
6143.0626 2005.99  638.99 21 7.4e+04  3.5
6163.5939 2648.10  646.12 21 1.6e+04  3.6
6029.9969  565.77  479.96 22 1.6e+04  3.5
6074.3377 1894.28  555.77 22 3.7e+04  3.3
6029.9969 2509.37  485.51 23 8.0e+03  3.9
